4 0.6141775378617483 0.6654494382022472 0.0980506822612086 0.17471910112359548
6 0.8201004648373069 0.4592696629213483 0.35979907032538616 0.9069288389513109
1 0.8404408457040037 0.033801498127340825 0.2274403958614486 0.06760299625468165
1 0.634150547308442 0.07724719101123595 0.17518368571000145 0.1544943820224719
0 0.6362198230619284 0.24185393258426965 0.040740740740740716 0.051498127340823915
0 0.5177312940470835 0.2401685393258427 0.044804318488529 0.054681647940074914
0 0.5637426900584795 0.32303370786516855 0.03265856950067475 0.05355805243445692
0 0.517618833408307 0.40880149812734085 0.044819313240365866 0.057490636704119774
0 0.43320587794272003 0.3407303370786517 0.04478932373669213 0.05187265917602997
5 0.3260083970610287 0.20571161048689138 0.5588993852151747 0.41142322097378276
3 0.16605188184135553 0.5649812734082397 0.33039436197330935 0.8700374531835207