4 0.4070242914979757 0.7372752808988765 0.08591093117408906 0.15323033707865163
6 0.16797570850202434 0.583061797752809 0.332246963562753 0.8302247191011237
1 0.12710526315789475 0.09191011235955056 0.21611336032388664 0.15848314606741573
1 0.3365789473684211 0.12235955056179776 0.16115384615384618 0.18466292134831463
0 0.351497975708502 0.32134831460674157 0.03836032388663965 0.04249999999999999
0 0.4676720647773279 0.2917696629213483 0.040526315789473646 0.04530898876404493
0 0.4293724696356276 0.3848595505617977 0.028886639676113324 0.046151685393258444
0 0.48188259109311743 0.45938202247191007 0.040526315789473646 0.04758426966292134
0 0.5597773279352226 0.3718820224719101 0.042429149797570925 0.042134831460674156
5 0.650506072874494 0.17668539325842697 0.5331174089068826 0.3533426966292135
3 0.8539473684210527 0.5370786516853933 0.29210526315789465 0.8199719101123595