4 0.3501349527665317 0.686069496462755 0.10931174089068826 0.17686225551394083
6 0.1824561403508772 0.5017062005826051 0.3649122807017544 0.9179359134415315
1 0.16909581646423752 0.05946733250104037 0.2367071524966262 0.11893466500208073
1 0.37172739541160593 0.08790054099042863 0.18771929824561406 0.17580108198085725
0 0.3562753036437247 0.26448189762796503 0.044939271255060705 0.05405742821473157
0 0.47503373819163297 0.2477215980024969 0.04709851551956812 0.05703287557220146
0 0.4234143049932524 0.33590303786933 0.03481781376518228 0.05322513524760712
0 0.46390013495276655 0.4165106117353308 0.04723346828609994 0.0598418643362464
0 0.5533738191632929 0.33780690803162716 0.048987854251012236 0.05439034540158137
5 0.6697031039136302 0.20130045776113192 0.5836707152496627 0.40260091552226385
3 0.8018218623481782 0.5174261339991677 0.37989203778677477 0.8566167290886391