3 0.7691503267973856 0.38506543494996154 0.38535947712418295 0.6795996920708237
6 0.39137254901960783 0.42448036951501156 0.07625272331154674 0.29381575570952007
6 0.3299782135076253 0.40354118552732876 0.06074074074074078 0.2281241981011034
6 0.2564270152505447 0.38855529894790863 0.04976034858387799 0.1443674621503721
6 0.1846623093681917 0.38637413394919173 0.04505446623093684 0.12327431357454442
6 0.10710239651416123 0.3860405440082115 0.048191721132897616 0.1373364126250963
6 0.04531590413943356 0.4065178342314601 0.04644880174291939 0.12568642545547856
1 0.08583877995642702 0.16792404413651527 0.16575163398692808 0.17880420836540928
1 0.30579520697167756 0.17713625866050806 0.22936819172113293 0.24136515268154993
1 0.4694989106753812 0.09443161406209905 0.06352941176470576 0.0947908647677701
1 0.4900217864923747 0.24110854503464205 0.1744662309368192 0.23705414421349758
1 0.6297167755991285 0.10931485758275597 0.19538126361655778 0.1350782653323069
1 0.9166013071895426 0.1479599692070824 0.13908496732026154 0.16289453425712086