3 0.2495279593318809 0.3269609101017877 0.36833696441539576 0.6539218202035754
6 0.6329218106995884 0.3461637156787272 0.0685354635681433 0.29030878453511244
6 0.6931299927378358 0.32255581216320245 0.05487291212781421 0.22487383457360366
6 0.7652723311546842 0.3039517577623813 0.04589687726942655 0.14130527756393801
6 0.8371338658920358 0.29809254982465144 0.04274025659646558 0.12265845522196556
6 0.9149455337690633 0.29415789923873065 0.044386347131445424 0.13429133521512276
6 0.9788090050835149 0.3119493627576769 0.042381989832970215 0.12265845522196556
1 0.9181675139191479 0.08008296980583354 0.16366497216170417 0.16016593961166709
1 0.6976325344952796 0.10501667949704901 0.2245364318566932 0.21003335899409803
1 0.5251900266279352 0.03348729792147806 0.06133139675623342 0.06697459584295612
1 0.5176954732510288 0.16859122401847576 0.16839506172839516 0.22538704986741936
1 0.36392156862745095 0.053588230262595155 0.1918954248366013 0.10717646052519031
1 0.08052287581699347 0.08844410230091523 0.1354635681433067 0.17021640578222566