3 0.23337254901960786 0.3579676674364896 0.3252549019607843 0.626281755196305
6 0.6167189542483661 0.37240184757505773 0.049490196078431394 0.28127020785219403
6 0.6764183006535949 0.34547344110854505 0.04007843137254905 0.21845265588914548
6 0.7483137254901961 0.32256351039260966 0.036431372549019465 0.13554272517321014
6 0.8202091503267974 0.3123556581986143 0.03449673202614392 0.11510392609699772
6 0.8976732026143791 0.3038337182448037 0.03515032679738575 0.12833718244803693
6 0.9617516339869281 0.31745958429561205 0.03515032679738575 0.11547344110854503
1 0.9013202614379084 0.086189376443418 0.1599869281045753 0.13856812933025403
1 0.6786274509803921 0.11905311778290992 0.2109934640522876 0.18605080831408777
1 0.5060261437908496 0.054318706697459584 0.05615686274509809 0.07937644341801385
1 0.49976470588235294 0.20133949191685913 0.1548366013071896 0.19646651270207852
1 0.34558169934640526 0.06815242494226328 0.18373856209150324 0.1271824480369515
1 0.06287581699346405 0.1468591224018476 0.1250065359477124 0.14669745958429564