0 0.9010503040353786 0.3394308943089431 0.1231251151649162 0.18556910569105683
0 0.758909157914133 0.28231707317073174 0.087893864013267 0.14776422764227642
1 0.8591487009397458 0.23353658536585364 0.28044960383268835 0.18658536585365854
1 0.8589460106873043 0.4564024390243902 0.26718260549106315 0.18495934959349586
0 0.5295927768564584 0.29237804878048784 0.08962594435231257 0.15406504065040658
0 0.28210797862539155 0.0880081300813008 0.08586696148885202 0.11707317073170731
1 0.2934954855352865 0.10772357723577236 0.2720471715496592 0.17642276422764225
1 0.3567348442970333 0.2345528455284553 0.2222222222222222 0.16422764227642278
6 0.14925373134328357 0.4451219512195122 0.29850746268656714 0.8902439024390244
2 0.1866961488852036 0.7678861788617887 0.08442970333517595 0.13516260162601637
2 0.02283029297954671 0.6907520325203252 0.04566058595909342 0.15589430894308942
2 0.4310668877833057 0.8863821138211383 0.09817578772802661 0.1764227642276423
2 0.8298138934954855 0.9573170731707317 0.09176340519624109 0.08536585365853659
2 0.9177814630550949 0.9569105691056911 0.08196056753270682 0.08617886178861783
3 0.6659664639764142 0.6460365853658536 0.39543025612677335 0.7079268292682926
4 0.303464160678091 0.7257113821138211 0.1734291505435784 0.3743902439024391
5 0.6220011055831951 0.20447154471544715 0.20530679933665 0.2717479674796748