0 0.09871015293900866 0.20412149954832884 0.12139303482587065 0.16626016260162602
0 0.24252810023954302 0.17558717253839204 0.08454026165468949 0.13527551942186086
1 0.14196609544868252 0.10864950316169829 0.28393219089736504 0.1380081300813008
1 0.1353418094711627 0.3296409214092141 0.2669983416252073 0.14080849141824753
0 0.4707573244886678 0.23053297199638664 0.08793071678643821 0.14141824751580848
0 0.7239911553344389 0.06932023486901535 0.08435599778883363 0.1200316169828365
1 0.7121982679196609 0.08440605239385726 0.27046250230329844 0.15304878048780488
1 0.6443523125115166 0.20850271002710027 0.2220748111295374 0.128003613369467
6 0.8487746452920583 0.44913053297199634 0.3023770038695411 0.8728771454381209
2 0.7901050304035379 0.7746047877145438 0.08273447576930168 0.12305781391147229
2 0.9631472268288189 0.7296973803071364 0.05815367606412372 0.1471093044263775
2 0.54212271973466 0.8444105691056911 0.0948221853694489 0.16285004516711832
2 0.1409802837663534 0.8923102981029811 0.09014188317670904 0.1871725383920505
2 0.052275658743320436 0.8888888888888888 0.07897549290584117 0.2222222222222223
3 0.3178367422148517 0.600462962962963 0.38360051593882444 0.7337624209575428
4 0.6764510779436153 0.7090221318879855 0.16834346784595552 0.34674796747967485
5 0.38245807997051773 0.12565492321589883 0.20184263865855906 0.2374661246612466