0 0.12038142620232173 0.12820121951219512 0.11215588723051409 0.14289634146341465
0 0.26475953565505805 0.12521341463414634 0.07737976782752906 0.11908536585365855
1 0.16689883913764514 0.04042682926829268 0.2812106135986733 0.08036585365853659
1 0.1512603648424544 0.25932926829268294 0.2612603648424544 0.08692073170731704
0 0.4888723051409619 0.22091463414634144 0.07993366500829195 0.12512195121951217
0 0.7504643449419568 0.09274390243902439 0.07575456053067985 0.13146341463414635
1 0.735771144278607 0.11777439024390245 0.264759535655058 0.09826219512195124
1 0.6632504145936982 0.2295731707317073 0.21676616915422892 0.08390243902439025
6 0.8665671641791044 0.5088719512195121 0.2668656716417911 0.8208841463414634
2 0.7827860696517412 0.8190853658536587 0.07593698175787722 0.10734756097560978
2 0.9658706467661691 0.8089939024390245 0.06824212271973482 0.13286585365853662
2 0.5329353233830846 0.844359756097561 0.08592039800995016 0.14490853658536576
2 0.13144278606965176 0.8213109756097561 0.07789386401326699 0.17310975609756088
2 0.04356550580431178 0.8047560975609755 0.06376451077943615 0.2151524390243903
3 0.32028192371475955 0.5611280487804878 0.338955223880597 0.6662499999999999
4 0.6725538971807629 0.7339329268292684 0.14686567164179115 0.3190243902439025
5 0.4061194029850746 0.10021341463414633 0.18917081260364838 0.19972560975609757