4 0.6011926058437687 0.6018264840182649 0.07012522361359579 0.17899543378995444
4 0.6838998211091235 0.5823744292237443 0.06129994036970778 0.18082191780821918
3 0.8061419200954084 0.5217351598173516 0.1793679189028026 0.3565296803652968
0 0.5268336314847942 0.04940639269406393 0.02468694096601065 0.03525114155251142
0 0.541860465116279 0.08502283105022831 0.03220035778175313 0.04420091324200913
0 0.5577221228384018 0.11917808219178082 0.02552176505664875 0.05442922374429226
0 0.5861657722122837 0.11214611872146117 0.034108527131782834 0.04712328767123288
0 0.5771019677996423 0.04840182648401826 0.026833631484794274 0.04365296803652969
0 0.549850924269529 0.005707762557077627 0.031246273106738276 0.011415525114155254
6 0.16052474657125818 0.24091324200913242 0.056768038163387026 0.11762557077625571
6 0.22754919499105547 0.25333333333333335 0.06678592725104354 0.10228310502283107
6 0.09844961240310077 0.44538812785388127 0.09695885509838996 0.2635616438356164
6 0.18962432915921287 0.41406392694063926 0.08145497912939768 0.19378995433789958
6 0.3168157423971378 0.36392694063926934 0.07406082289803216 0.18757990867579913
6 0.25933214072748956 0.40557077625570775 0.07012522361359569 0.13808219178082184
6 0.2186642814549791 0.5652054794520548 0.10745378652355396 0.2182648401826483
6 0.14633273703041144 0.5753424657534246 0.0949314251639833 0.17607305936073056
6 0.09278473464519976 0.6867579908675799 0.10960047704233751 0.1857534246575341