4 0.47156960180216 0.705662100456621 0.08581461604717415 0.1889193302891932
4 0.3887563771284702 0.7095890410958904 0.07697608162724447 0.19105022831050233
3 0.25931888955144766 0.6843835616438356 0.21119724375538326 0.3859969558599696
0 0.44178758364804877 0.1434703196347032 0.02821175379314912 0.037442922374429234
0 0.4334327171536474 0.18115677321156773 0.037686344663088844 0.051750380517503795
0 0.4251308553634135 0.2202130898021309 0.03084873782548195 0.05948249619482496
0 0.39571987013847476 0.22094368340943685 0.037686344663088844 0.051750380517503795
0 0.3932286490426025 0.15656012176560122 0.03042470019214206 0.04852359208523591
0 0.4106804478897502 0.10036529680365297 0.03315444245676809 0.026849315068493144
6 0.8287881799509706 0.23129375951293757 0.06738223017292778 0.12754946727549465
6 0.7666070363744781 0.26121765601217656 0.07579672695951778 0.11445966514459663
6 0.9251242297753924 0.41546423135464233 0.12140727489564711 0.27878234398782337
6 0.8321009739614391 0.4091324200913242 0.09897303385675485 0.2062100456621004
6 0.7003511561651097 0.3933333333333333 0.08971046180348506 0.19738203957382044
6 0.7638110382296428 0.4195129375951294 0.08254157556483138 0.15044140030441397
6 0.8319353342609157 0.5662404870624048 0.12686675942489906 0.23543378995433792
6 0.9020141787583649 0.5559817351598174 0.10907043000066252 0.19050228310502273
6 0.9557675743722255 0.6507153729071538 0.08846485125554897 0.204566210045662