4 0.5740071556350627 0.6577808219178082 0.06042933810375666 0.17136986301369866
4 0.6569230769230769 0.6451780821917809 0.050787119856887275 0.17512328767123284
3 0.7812701252236136 0.5944931506849316 0.16076923076923078 0.3360273972602739
0 0.518211091234347 0.10265753424657534 0.023774597495527662 0.0309041095890411
0 0.5321109123434704 0.13854794520547944 0.030715563506261107 0.04136986301369861
0 0.5464221824686941 0.17421917808219178 0.02348837209302325 0.051397260273972595
0 0.5753488372093023 0.16876712328767124 0.031288014311270144 0.0418082191780822
0 0.567906976744186 0.10553424657534248 0.023917710196779973 0.04049315068493151
0 0.5426118067978533 0.05457534246575343 0.030035778175312992 0.01717808219178081
6 0.14645796064400715 0.2658082191780822 0.05060822898032199 0.11115068493150683
6 0.21291592128801434 0.2826849315068493 0.060840787119856896 0.09509589041095892
6 0.07865831842576028 0.4653150684931507 0.0833810375670841 0.25356164383561647
6 0.16991055456171736 0.4398082191780822 0.07080500894454385 0.1832602739726027
6 0.29833631484794276 0.3992602739726027 0.06332737030411445 0.17805479452054798
6 0.23953488372093024 0.43747945205479455 0.06372093023255815 0.1292328767123288
6 0.19404293381037566 0.5932328767123287 0.09545617173524153 0.20454794520547953
6 0.1220572450805009 0.5975342465753425 0.08522361359570663 0.1637808219178083
6 0.06490161001788909 0.7053698630136985 0.09912343470483005 0.17345205479452064