4 0.29709363699660846 0.6347269559948497 0.22169215910877532 0.5333409073695372
0 0.09937784965074233 0.05875179883359843 0.0726186465422366 0.11750359766719685
2 0.10025380140601486 0.6384230856623494 0.127066909237922 0.31909414527001445
5 0.2694472519821216 0.22635764598954783 0.32421894301821536 0.45271529197909566
0 0.469386609168295 0.15045065515413164 0.0717921074500819 0.16813602969022193
0 0.6615973766367944 0.27587669469060067 0.0802865934460839 0.10008331439824285
1 0.6317745884149766 0.12699386503067486 0.2063248208790961 0.23311368628342044
1 0.8621184556296745 0.17328258729076726 0.21696651169058664 0.27146103158373097
2 0.4654538103901354 0.7040596834052867 0.1507894795948162 0.3284556540180263
3 0.7508883049210521 0.6678065591153526 0.35417649304853666 0.5031659471332273
6 0.8671742694786964 0.5738127698250397 0.26565146104260723 0.7035749450882375