4 0.30989151674415466 0.6472544118760888 0.2065539159535521 0.5213739301673862
0 0.08304921052040518 0.09463379534954176 0.06897109359207601 0.13466636370521853
2 0.1137142600453698 0.6818147390744528 0.1181142330930081 0.3125198818450354
5 0.2604653774453653 0.23088313262137392 0.3124766974372795 0.46176626524274783
0 0.45765334770792626 0.1386881769294857 0.06706646003189363 0.16410664242975082
0 0.6558003728410035 0.233499962129819 0.07795521415897406 0.09461486025903201
1 0.6186645104777305 0.0998447322578202 0.20184174471621416 0.1996894645156404
1 0.8505469083395099 0.11445694160418086 0.2109965635738832 0.22891388320836173
2 0.4813130292208522 0.6901272438082254 0.141854771691036 0.3197000681663259
3 0.764454326977068 0.6100734681511777 0.34267232666262376 0.48018632129061584
6 0.8762684455225389 0.4961713246989321 0.24746310895492213 0.6886692418389759