4 0.30371740448756823 0.690961145194274 0.18294117647058822 0.48893660531697347
0 0.06948453608247422 0.1390081799591002 0.06317161916312916 0.12293456032719838
2 0.1078956943602183 0.7254498977505113 0.10359611885991508 0.29377300613496926
5 0.24863553668890237 0.2634969325153374 0.2910855063674955 0.4332719836400818
0 0.44458459672528805 0.18266871165644172 0.05965433596118867 0.15352760736196322
0 0.6439114614918132 0.2774233128834356 0.07386294724075201 0.08118609406952963
1 0.6047725894481504 0.13423312883435584 0.19254093389933294 0.1843762781186094
1 0.8369314736203759 0.1443558282208589 0.20043662825955122 0.22164621676891613
2 0.4757792601576713 0.7337627811860941 0.12768950879320798 0.29703476482617586
3 0.757634930260764 0.6532719836400818 0.32198908429351125 0.42280163599182
6 0.8799878714372347 0.5390593047034765 0.24001819284414794 0.6459406952965235